0.002000 0.039696
0.004000 0.043004
0.006000 0.043004
0.008000 0.043004
0.010000 0.043004
0.012000 0.039696
0.014000 0.043004
0.016000 0.043004
0.018000 0.039696
0.020000 0.046312
0.022000 0.039696
0.024000 0.043004
0.026000 0.043004
0.028000 0.039696
0.030000 0.046312
0.032000 0.039696
0.034000 0.043004
0.036000 0.039696
0.038000 0.043004
0.040000 0.043004
0.042000 0.046312
0.044000 0.039696
0.046000 0.039696
0.048000 0.043004
0.050000 0.043004
0.052000 0.043004
0.054000 0.043004
0.056000 0.039696
0.058000 0.043004
0.060000 0.043004
0.062000 0.043004
0.064000 0.043004
0.066000 0.039696
0.068000 0.043004
0.070000 0.043004
0.072000 0.043004
0.074000 0.039696
0.076000 0.046312
0.078000 0.039696
0.080000 0.043004
0.082000 0.039696
0.084000 0.043004
0.086000 0.043004
0.088000 0.043004
0.090000 0.043004
0.092000 0.039696
0.094000 0.043004
0.096000 0.039696
0.098000 0.046312
0.100000 0.039696
0.102000 0.043004
0.104000 0.043004
0.106000 0.043004
0.108000 0.039696
0.110000 0.043004
0.112000 0.043004
0.114000 0.046312
0.116000 0.039696
0.118000 0.039696
0.120000 0.043004
0.122000 0.043004
0.124000 0.043004
0.126000 0.039696
0.128000 0.046312
0.130000 0.039696
0.132000 0.043004
0.134000 0.039696
0.136000 0.046312
0.138000 0.039696
0.140000 0.043004
0.142000 0.043004
0.144000 0.043004
0.146000 0.039696
0.148000 0.043004
0.150000 0.039696
0.152000 0.046312
0.154000 0.039696
0.156000 0.046312
0.158000 0.039696
0.160000 0.043004
0.162000 0.039696
0.164000 0.043004
0.166000 0.043004
0.168000 0.043004
0.170000 0.046312
0.172000 0.039696
0.174000 0.039696
0.176000 0.043004
0.178000 0.043004
0.180000 0.043004
0.182000 0.039696
0.184000 0.043004
0.186000 0.046312
0.188000 0.039696
0.190000 0.043004
0.192000 0.039696
0.194000 0.043004
0.196000 0.043004
0.198000 0.043004
0.200000 0.043004
0.202000 0.043004
0.204000 0.039696
0.206000 0.043004
0.208000 0.043004
0.210000 0.039696
0.212000 0.046312
0.214000 0.039696
0.216000 0.043004
0.218000 0.043004
0.220000 0.043004
0.222000 0.043004
0.224000 0.039696
0.226000 0.039696
0.228000 0.043004
0.230000 0.046312
0.232000 0.039696
0.234000 0.043004
0.236000 0.046312
0.238000 0.039696
0.240000 0.039696
0.242000 0.043004
0.244000 0.043004
0.246000 0.039696
0.248000 0.046312
0.250000 0.043004
0.252000 0.039696
0.254000 0.046312
0.256000 0.039696
0.258000 0.043004
0.260000 0.039696
0.262000 0.043004
0.264000 0.043004
0.266000 0.043004
0.268000 0.043004
0.270000 0.043004
0.272000 0.039696
0.274000 0.046312
0.276000 0.039696
0.278000 0.043004
0.280000 0.039696
0.282000 0.043004
0.284000 0.043004
0.286000 0.043004
0.288000 0.043004
0.290000 0.043004
0.292000 0.039696
0.294000 0.046312
0.296000 0.043004
0.298000 0.039696
0.300000 0.043004
0.302000 0.043004
0.304000 0.039696
0.306000 0.043004
0.308000 0.043004
0.310000 0.043004
0.312000 0.039696
0.314000 0.043004
0.316000 0.046312
0.318000 0.039696
0.320000 0.043004
0.322000 0.043004
0.324000 0.039696
0.326000 0.043004
0.328000 0.043004
0.330000 0.043004
0.332000 0.043004
0.334000 0.043004
0.336000 0.039696
0.338000 0.046312
0.340000 0.043004
0.342000 0.039696
0.344000 0.043004
0.346000 0.043004
0.348000 0.039696
0.350000 0.043004
0.352000 0.043004
0.354000 0.039696
0.356000 0.046312
0.358000 0.043004
0.360000 0.039696
0.362000 0.043004
0.364000 0.046312
0.366000 0.039696
0.368000 0.046312
0.370000 0.039696
0.372000 0.043004
0.374000 0.043004
0.376000 0.039696
0.378000 0.043004
0.380000 0.043004
0.382000 0.039696
0.384000 0.046312
0.386000 0.043004
0.388000 0.039696
0.390000 0.043004
0.392000 0.043004
0.394000 0.043004
0.396000 0.043004
0.398000 0.043004
0.400000 0.043004
0.402000 0.043004
0.404000 0.039696
0.406000 0.043004
0.408000 0.043004
0.410000 0.039696
0.412000 0.043004
0.414000 0.046312
0.416000 0.039696
0.418000 0.046312
0.420000 0.039696
0.422000 0.043004
0.424000 0.043004
0.426000 0.043004
0.428000 0.043004
0.430000 0.043004
0.432000 0.039696
0.434000 0.046312
0.436000 0.039696
0.438000 0.043004
0.440000 0.043004
0.442000 0.039696
0.444000 0.043004
0.446000 0.043004
0.448000 0.043004
0.450000 0.046312
0.452000 0.039696
0.454000 0.043004
0.456000 0.043004
0.458000 0.039696
0.460000 0.046312
0.462000 0.039696
0.464000 0.046312
0.466000 0.043004
0.468000 0.039696
0.470000 0.046312
0.472000 0.039696
0.474000 0.043004
0.476000 0.043004
0.478000 0.039696
0.480000 0.046312
0.482000 0.039696
0.484000 0.043004
0.486000 0.043004
0.488000 0.039696
0.490000 0.046312
0.492000 0.039696
0.494000 0.043004
0.496000 0.046312
0.498000 0.043004
0.500000 0.043004
0.502000 0.039696
0.504000 0.043004
0.506000 0.043004
0.508000 0.043004
0.510000 0.043004
0.512000 0.039696
0.514000 0.049620
0.516000 0.039696
0.518000 0.043004
0.520000 0.043004
0.522000 0.043004
0.524000 0.043004
0.526000 0.039696
0.528000 0.046312
0.530000 0.039696
0.532000 0.043004
0.534000 0.043004
0.536000 0.043004
0.538000 0.043004
0.540000 0.039696
0.542000 0.046312
0.544000 0.039696
0.546000 0.043004
0.548000 0.043004
0.550000 0.043004
0.552000 0.043004
0.554000 0.043004
0.556000 0.043004
0.558000 0.039696
0.560000 0.046312
0.562000 0.039696
0.564000 0.046312
0.566000 0.043004
0.568000 0.043004
0.570000 0.043004
0.572000 0.043004
0.574000 0.043004
0.576000 0.039696
0.578000 0.046312
0.580000 0.039696
0.582000 0.043004
0.584000 0.043004
0.586000 0.043004
0.588000 0.043004
0.590000 0.043004
0.592000 0.043004
0.594000 0.043004
0.596000 0.043004
0.598000 0.043004
0.600000 0.043004
0.602000 0.039696
0.604000 0.046312
0.606000 0.039696
0.608000 0.049620
0.610000 0.039696
0.612000 0.043004
0.614000 0.043004
0.616000 0.043004
0.618000 0.043004
0.620000 0.043004
0.622000 0.043004
0.624000 0.043004
0.626000 0.043004
0.628000 0.043004
0.630000 0.043004
0.632000 0.043004
0.634000 0.043004
0.636000 0.043004
0.638000 0.043004
0.640000 0.043004
0.642000 0.043004
0.644000 0.043004
0.646000 0.043004
0.648000 0.043004
0.650000 0.043004
0.652000 0.043004
0.654000 0.043004
0.656000 0.043004
0.658000 0.043004
0.660000 0.043004
0.662000 0.043004
0.664000 0.043004
0.666000 0.043004
0.668000 0.043004
0.670000 0.043004
0.672000 0.043004
0.674000 0.043004
0.676000 0.043004
0.678000 0.043004
0.680000 0.043004
0.682000 0.043004
0.684000 0.043004
0.686000 0.043004
0.688000 0.043004
0.690000 0.039696
0.692000 0.043004
0.694000 0.043004
0.696000 0.046312
0.698000 0.039696
0.700000 0.046312
0.702000 0.039696
0.704000 0.046312
0.706000 0.039696
0.708000 0.046312
0.710000 0.043004
0.712000 0.043004
0.714000 0.043004
0.716000 0.043004
0.718000 0.043004
0.720000 0.043004
0.722000 0.043004
0.724000 0.043004
0.726000 0.046312
0.728000 0.039696
0.730000 0.046312
0.732000 0.043004
0.734000 0.043004
0.736000 0.039696
0.738000 0.043004
0.740000 0.043004
0.742000 0.043004
0.744000 0.043004
0.746000 0.043004
0.748000 0.046312
0.750000 0.039696
0.752000 0.046312
0.754000 0.043004
0.756000 0.043004
0.758000 0.043004
0.760000 0.043004
0.762000 0.046312
0.764000 0.039696
0.766000 0.046312
0.768000 0.043004
0.770000 0.043004
0.772000 0.043004
0.774000 0.043004
0.776000 0.046312
0.778000 0.039696
0.780000 0.046312
0.782000 0.043004
0.784000 0.043004
0.786000 0.043004
0.788000 0.039696
0.790000 0.046312
0.792000 0.043004
0.794000 0.043004
0.796000 0.043004
0.798000 0.043004
0.800000 0.046312
0.802000 0.039696
0.804000 0.046312
0.806000 0.043004
0.808000 0.039696
0.810000 0.046312
0.812000 0.039696
0.814000 0.046312
0.816000 0.043004
0.818000 0.043004
0.820000 0.046312
0.822000 0.039696
0.824000 0.046312
0.826000 0.043004
0.828000 0.043004
0.830000 0.046312
0.832000 0.043004
0.834000 0.043004
0.836000 0.043004
0.838000 0.043004
0.840000 0.046312
0.842000 0.039696
0.844000 0.043004
0.846000 0.046312
0.848000 0.039696
0.850000 0.046312
0.852000 0.043004
0.854000 0.043004
0.856000 0.046312
0.858000 0.039696
0.860000 0.043004
0.862000 0.046312
0.864000 0.043004
0.866000 0.043004
0.868000 0.043004
0.870000 0.043004
0.872000 0.046312
0.874000 0.043004
0.876000 0.043004
0.878000 0.046312
0.880000 0.043004
0.882000 0.043004
0.884000 0.043004
0.886000 0.043004
0.888000 0.043004
0.890000 0.046312
0.892000 0.043004
0.894000 0.043004
0.896000 0.046312
0.898000 0.039696
0.900000 0.043004
0.902000 0.046312
0.904000 0.043004
0.906000 0.043004
0.908000 0.046312
0.910000 0.043004
0.912000 0.043004
0.914000 0.046312
0.916000 0.043004
0.918000 0.043004
0.920000 0.043004
0.922000 0.043004
0.924000 0.043004
0.926000 0.046312
0.928000 0.043004
0.930000 0.043004
0.932000 0.043004
0.934000 0.043004
0.936000 0.043004
0.938000 0.046312
0.940000 0.043004
0.942000 0.043004
0.944000 0.046312
0.946000 0.043004
0.948000 0.043004
0.950000 0.046312
0.952000 0.046312
0.954000 0.039696
0.956000 0.043004
0.958000 0.046312
0.960000 0.043004
0.962000 0.043004
0.964000 0.043004
0.966000 0.043004
0.968000 0.046312
0.970000 0.043004
0.972000 0.046312
0.974000 0.043004
0.976000 0.043004
0.978000 0.046312
0.980000 0.043004
0.982000 0.043004
0.984000 0.043004
0.986000 0.046312
0.988000 0.043004
0.990000 0.043004
0.992000 0.043004
0.994000 0.046312
0.996000 0.043004
0.998000 0.043004
1.000000 0.046312
1.002000 0.046312
1.004000 0.043004
1.006000 0.043004
1.008000 0.046312
1.010000 0.039696
1.012000 0.046312
1.014000 0.043004
1.016000 0.046312
1.018000 0.043004
1.020000 0.043004
1.022000 0.043004
1.024000 0.046312
1.026000 0.046312
1.028000 0.043004
1.030000 0.043004
1.032000 0.046312
1.034000 0.046312
1.036000 0.039696
1.038000 0.043004
1.040000 0.046312
1.042000 0.046312
1.044000 0.039696
1.046000 0.046312
1.048000 0.043004
1.050000 0.046312
1.052000 0.046312
1.054000 0.043004
1.056000 0.043004
1.058000 0.046312
1.060000 0.043004
1.062000 0.043004
1.064000 0.046312
1.066000 0.043004
1.068000 0.043004
1.070000 0.046312
1.072000 0.043004
1.074000 0.046312
1.076000 0.043004
1.078000 0.046312
1.080000 0.046312
1.082000 0.043004
1.084000 0.043004
1.086000 0.043004
1.088000 0.046312
1.090000 0.043004
1.092000 0.043004
1.094000 0.046312
1.096000 0.043004
1.098000 0.046312
1.100000 0.046312
1.102000 0.046312
1.104000 0.043004
1.106000 0.043004
1.108000 0.043004
1.110000 0.046312
1.112000 0.043004
1.114000 0.043004
1.116000 0.046312
1.118000 0.043004
1.120000 0.046312
1.122000 0.046312
1.124000 0.046312
1.126000 0.043004
1.128000 0.043004
1.130000 0.046312
1.132000 0.043004
1.134000 0.043004
1.136000 0.046312
1.138000 0.046312
1.140000 0.043004
1.142000 0.046312
1.144000 0.046312
1.146000 0.043004
1.148000 0.043004
1.150000 0.046312
1.152000 0.046312
1.154000 0.039696
1.156000 0.046312
1.158000 0.046312
1.160000 0.043004
1.162000 0.046312
1.164000 0.046312
1.166000 0.043004
1.168000 0.046312
1.170000 0.043004
1.172000 0.046312
1.174000 0.043004
1.176000 0.043004
1.178000 0.046312
1.180000 0.046312
1.182000 0.046312
1.184000 0.046312
1.186000 0.043004
1.188000 0.046312
1.190000 0.043004
1.192000 0.043004
1.194000 0.046312
1.196000 0.043004
1.198000 0.046312
1.200000 0.046312
1.202000 0.046312
1.204000 0.043004
1.206000 0.046312
1.208000 0.046312
1.210000 0.043004
1.212000 0.043004
1.214000 0.046312
1.216000 0.046312
1.218000 0.046312
1.220000 0.043004
1.222000 0.043004
1.224000 0.046312
1.226000 0.046312
1.228000 0.043004
1.230000 0.046312
1.232000 0.046312
1.234000 0.046312
1.236000 0.046312
1.238000 0.046312
1.240000 0.043004
1.242000 0.046312
1.244000 0.043004
1.246000 0.043004
1.248000 0.046312
1.250000 0.046312
1.252000 0.046312
1.254000 0.046312
1.256000 0.046312
1.258000 0.043004
1.260000 0.043004
1.262000 0.046312
1.264000 0.043004
1.266000 0.046312
1.268000 0.046312
1.270000 0.046312
1.272000 0.046312
1.274000 0.043004
1.276000 0.046312
1.278000 0.046312
1.280000 0.043004
1.282000 0.046312
1.284000 0.046312
1.286000 0.046312
1.288000 0.046312
1.290000 0.046312
1.292000 0.043004
1.294000 0.046312
1.296000 0.043004
1.298000 0.046312
1.300000 0.046312
1.302000 0.046312
1.304000 0.046312
1.306000 0.046312
1.308000 0.043004
1.310000 0.046312
1.312000 0.043004
1.314000 0.046312
1.316000 0.046312
1.318000 0.046312
1.320000 0.049620
1.322000 0.046312
1.324000 0.043004
1.326000 0.046312
1.328000 0.043004
1.330000 0.046312
1.332000 0.046312
1.334000 0.046312
1.336000 0.049620
1.338000 0.046312
1.340000 0.043004
1.342000 0.046312
1.344000 0.043004
1.346000 0.046312
1.348000 0.046312
1.350000 0.046312
1.352000 0.046312
1.354000 0.043004
1.356000 0.046312
1.358000 0.049620
1.360000 0.043004
1.362000 0.046312
1.364000 0.046312
1.366000 0.049620
1.368000 0.046312
1.370000 0.043004
1.372000 0.046312
1.374000 0.043004
1.376000 0.046312
1.378000 0.046312
1.380000 0.049620
1.382000 0.046312
1.384000 0.043004
1.386000 0.046312
1.388000 0.049620
1.390000 0.043004
1.392000 0.046312
1.394000 0.046312
1.396000 0.046312
1.398000 0.043004
1.400000 0.049620
1.402000 0.046312
1.404000 0.046312
1.406000 0.046312
1.408000 0.046312
1.410000 0.046312
1.412000 0.046312
1.414000 0.046312
1.416000 0.046312
1.418000 0.043004
1.420000 0.049620
1.422000 0.046312
1.424000 0.046312
1.426000 0.046312
1.428000 0.046312
1.430000 0.046312
1.432000 0.046312
1.434000 0.046312
1.436000 0.046312
1.438000 0.046312
1.440000 0.049620
1.442000 0.043004
1.444000 0.049620
1.446000 0.043004
1.448000 0.046312
1.450000 3.142575
1.452000 1.333113
1.454000 1.025472
1.456000 0.879921
1.458000 0.780682
1.460000 0.704598
1.462000 0.658287
1.464000 0.621899
1.466000 0.578895
1.468000 0.562355
1.470000 0.525968
1.472000 0.506120
1.474000 0.486272
1.476000 0.479656
1.478000 0.456500
1.480000 0.449884
1.482000 0.436652
1.484000 0.426729
1.486000 0.416805
1.488000 0.400265
1.490000 0.393649
1.492000 0.396957
1.494000 0.380417
1.496000 0.367185
1.498000 0.373801
1.500000 0.353953
1.502000 0.360569
1.504000 0.350645
1.506000 0.353953
1.508000 0.337413
1.510000 0.337413
1.512000 0.330797
1.514000 0.330797
1.516000 0.327489
1.518000 0.324181
1.520000 0.310949
1.522000 0.317565
1.524000 0.314257
1.526000 0.301026
1.528000 0.304334
1.530000 0.301026
1.532000 0.307642
1.534000 0.291102
1.536000 0.291102
1.538000 0.301026
1.540000 0.287794
1.542000 0.281178
1.544000 0.287794
1.546000 0.277870
1.548000 0.281178
1.550000 0.281178
1.552000 0.271254
1.554000 0.271254
1.556000 0.274562
1.558000 0.274562
1.560000 0.271254
1.562000 0.264638
1.564000 0.267946
1.566000 0.261330
1.568000 0.261330
1.570000 0.267946
1.572000 0.258022
1.574000 0.258022
1.576000 0.248098
1.578000 0.261330
1.580000 0.254714
1.582000 0.248098
1.584000 0.254714
1.586000 0.251406
1.588000 0.244790
1.590000 0.244790
1.592000 0.248098
1.594000 0.244790
1.596000 0.248098
1.598000 0.244790
1.600000 0.248098
1.602000 0.231558
1.604000 0.238174
1.606000 0.241482
1.608000 0.241482
1.610000 0.228250
1.612000 0.244790
1.614000 0.234866
1.616000 0.234866
1.618000 0.234866
1.620000 0.234866
1.622000 0.224942
1.624000 0.224942
1.626000 0.238174
1.628000 0.228250
1.630000 0.228250
1.632000 0.234866
1.634000 0.218326
1.636000 0.228250
1.638000 0.221634
1.640000 0.228250
1.642000 0.228250
1.644000 0.221634
1.646000 0.218326
1.648000 0.221634
1.650000 0.218326
1.652000 0.221634
1.654000 0.221634
1.656000 0.221634
1.658000 0.218326
1.660000 0.218326
1.662000 0.221634
1.664000 0.218326
1.666000 0.218326
1.668000 0.211710
1.670000 0.215018
1.672000 0.211710
1.674000 0.221634
1.676000 0.211710
1.678000 0.211710
1.680000 0.211710
1.682000 0.215018
1.684000 0.205094
1.686000 0.215018
1.688000 0.211710
1.690000 0.211710
1.692000 0.215018
1.694000 0.205094
1.696000 0.208402
1.698000 0.205094
1.700000 0.208402
1.702000 0.208402
1.704000 0.208402
1.706000 0.205094
1.708000 0.211710
1.710000 0.201786
1.712000 0.211710
1.714000 0.195170
1.716000 0.205094
1.718000 0.208402
1.720000 0.198478
1.722000 0.208402
1.724000 0.201786
1.726000 0.205094
1.728000 0.205094
1.730000 0.195170
1.732000 0.205094
1.734000 0.195170
1.736000 0.205094
1.738000 0.201786
1.740000 0.205094
1.742000 0.195170
1.744000 0.198478
1.746000 0.198478
1.748000 0.195170
1.750000 0.205094
1.752000 0.198478
1.754000 0.198478
1.756000 0.201786
1.758000 0.198478
1.760000 0.195170
1.762000 0.191862
1.764000 0.201786
1.766000 0.191862
1.768000 0.198478
1.770000 0.195170
1.772000 0.191862
1.774000 0.205094
1.776000 0.191862
1.778000 0.188554
1.780000 0.198478
1.782000 0.198478
1.784000 0.191862
1.786000 0.188554
1.788000 0.195170
1.790000 0.195170
1.792000 0.195170
1.794000 0.188554
1.796000 0.188554
1.798000 0.191862
1.800000 0.191862
1.802000 0.198478
1.804000 0.188554
1.806000 0.185247
1.808000 0.198478
1.810000 0.188554
1.812000 0.195170
1.814000 0.181939
1.816000 0.188554
1.818000 0.198478
1.820000 0.185247
1.822000 0.188554
1.824000 0.191862
1.826000 0.198478
1.828000 0.178631
1.830000 0.178631
1.832000 0.198478
1.834000 0.191862
1.836000 0.191862
1.838000 0.185247
1.840000 0.181939
1.842000 0.188554
1.844000 0.191862
1.846000 0.185247
1.848000 0.185247
1.850000 0.191862
1.852000 0.185247
1.854000 0.185247
1.856000 0.185247
1.858000 0.185247
1.860000 0.185247
1.862000 0.181939
1.864000 0.188554
1.866000 0.185247
1.868000 0.191862
1.870000 0.181939
1.872000 0.188554
1.874000 0.181939
1.876000 0.185247
1.878000 0.181939
1.880000 0.181939
1.882000 0.191862
1.884000 0.181939
1.886000 0.178631
1.888000 0.198478
1.890000 0.172015
1.892000 0.185247
1.894000 0.188554
1.896000 0.178631
1.898000 0.188554
1.900000 0.175323
1.902000 0.185247
1.904000 0.181939
1.906000 0.178631
1.908000 0.191862
1.910000 0.185247
1.912000 0.175323
1.914000 0.181939
1.916000 0.185247
1.918000 0.178631
1.920000 0.185247
1.922000 0.188554
1.924000 0.168707
1.926000 0.191862
1.928000 0.178631
1.930000 0.185247
1.932000 0.181939
1.934000 0.185247
1.936000 0.175323
1.938000 0.178631
1.940000 0.185247
1.942000 0.181939
1.944000 0.178631
1.946000 0.175323
1.948000 0.185247
1.950000 0.178631
1.952000 0.181939
1.954000 0.178631
1.956000 0.175323
1.958000 0.185247
1.960000 0.178631
1.962000 0.181939
1.964000 0.175323
1.966000 0.181939
1.968000 0.178631
1.970000 0.178631
1.972000 0.185247
1.974000 0.178631
1.976000 0.175323
1.978000 0.178631
1.980000 0.185247
1.982000 0.168707
1.984000 0.188554
1.986000 0.175323
1.988000 0.181939
1.990000 0.178631
1.992000 0.175323
1.994000 0.178631
1.996000 0.168707
1.998000 0.188554
2.000000 0.178631
2.002000 0.178631
2.004000 0.178631
2.006000 0.175323
2.008000 0.181939
2.010000 0.178631
2.012000 0.178631
2.014000 0.178631
2.016000 0.168707
2.018000 0.181939
2.020000 0.178631
2.022000 0.178631
2.024000 0.178631
2.026000 0.172015
2.028000 0.178631
2.030000 0.181939
2.032000 0.168707
2.034000 0.181939
2.036000 0.175323
2.038000 0.181939
2.040000 0.178631
2.042000 0.172015
2.044000 0.178631
2.046000 0.178631
2.048000 0.175323
2.050000 0.181939
2.052000 0.175323
2.054000 0.168707
2.056000 0.181939
2.058000 0.181939
2.060000 0.172015
2.062000 0.178631
2.064000 0.178631
2.066000 0.175323
2.068000 0.181939
2.070000 0.175323
2.072000 0.175323
2.074000 0.172015
2.076000 0.178631
2.078000 0.175323
2.080000 0.178631
2.082000 0.175323
2.084000 0.172015
2.086000 0.178631
2.088000 0.181939
2.090000 0.172015
2.092000 0.181939
2.094000 0.178631
2.096000 0.168707
2.098000 0.181939
2.100000 0.175323
2.102000 0.172015
2.104000 0.175323
2.106000 0.185247
2.108000 0.172015
2.110000 0.181939
2.112000 0.168707
2.114000 0.178631
2.116000 0.165399
2.118000 0.181939
2.120000 0.178631
2.122000 0.175323
2.124000 0.175323
2.126000 0.181939
2.128000 0.165399
2.130000 0.181939
2.132000 0.178631
2.134000 0.175323
2.136000 0.172015
2.138000 0.175323
2.140000 0.178631
2.142000 0.172015
2.144000 0.181939
2.146000 0.178631
2.148000 0.168707
2.150000 0.175323
2.152000 0.181939
2.154000 0.175323
2.156000 0.168707
2.158000 0.175323
2.160000 0.178631
2.162000 0.178631
2.164000 0.175323
2.166000 0.178631
2.168000 0.172015
2.170000 0.172015
2.172000 0.175323
2.174000 0.185247
2.176000 0.168707
2.178000 0.178631
2.180000 0.175323
2.182000 0.178631
2.184000 0.168707
2.186000 0.181939
2.188000 0.172015
2.190000 0.178631
2.192000 0.178631
2.194000 0.178631
2.196000 0.168707
2.198000 0.168707
2.200000 0.185247
2.202000 0.178631
2.204000 0.172015
2.206000 0.175323
2.208000 0.181939
2.210000 0.172015
2.212000 0.172015
2.214000 0.181939
2.216000 0.175323
2.218000 0.168707
2.220000 0.185247
2.222000 0.175323
2.224000 0.168707
2.226000 0.175323
2.228000 0.185247
2.230000 0.178631
2.232000 0.168707
2.234000 0.181939
2.236000 0.178631
2.238000 0.172015
2.240000 0.175323
2.242000 0.178631
2.244000 0.175323
2.246000 0.172015
2.248000 0.178631
2.250000 0.181939
2.252000 0.172015
2.254000 0.168707
2.256000 0.185247
2.258000 0.178631
2.260000 0.168707
2.262000 0.181939
2.264000 0.178631
2.266000 0.172015
2.268000 0.178631
2.270000 0.172015
2.272000 0.181939
2.274000 0.175323
2.276000 0.178631
2.278000 0.181939
2.280000 0.168707
2.282000 0.178631
2.284000 0.181939
2.286000 0.168707
2.288000 0.181939
2.290000 0.175323
2.292000 0.178631
2.294000 0.175323
2.296000 0.175323
2.298000 0.185247
2.300000 0.172015
2.302000 0.181939
2.304000 0.178631
2.306000 0.172015
2.308000 0.175323
2.310000 0.175323
2.312000 0.188554
2.314000 0.168707
2.316000 0.181939
2.318000 0.178631
2.320000 0.172015
2.322000 0.185247
2.324000 0.175323
2.326000 0.175323
2.328000 0.185247
2.330000 0.178631
2.332000 0.172015
2.334000 0.181939
2.336000 0.178631
2.338000 0.175323
2.340000 0.185247
2.342000 0.175323
2.344000 0.175323
2.346000 0.185247
2.348000 0.178631
2.350000 0.175323
2.352000 0.178631
2.354000 0.181939
2.356000 0.172015
2.358000 0.185247
2.360000 0.178631
2.362000 0.172015
2.364000 0.181939
2.366000 0.181939
2.368000 0.175323
2.370000 0.181939
2.372000 0.178631
2.374000 0.185247
2.376000 0.172015
2.378000 0.188554
2.380000 0.168707
2.382000 0.188554
2.384000 0.175323
2.386000 0.181939
2.388000 0.172015
2.390000 0.191862
2.392000 0.168707
2.394000 0.188554
2.396000 0.178631
2.398000 0.185247
2.400000 0.175323
2.402000 0.178631
2.404000 0.181939
2.406000 0.181939
2.408000 0.178631
2.410000 0.181939
2.412000 0.181939
2.414000 0.178631
2.416000 0.185247
2.418000 0.178631
2.420000 0.185247
2.422000 0.181939
2.424000 0.175323
2.426000 0.185247
2.428000 0.185247
2.430000 0.175323
2.432000 0.191862
2.434000 0.168707
2.436000 0.185247
2.438000 0.188554
2.440000 0.181939
2.442000 0.181939
2.444000 0.181939
2.446000 0.185247
2.448000 0.181939
2.450000 0.185247
2.452000 0.175323
2.454000 0.188554
2.456000 0.185247
2.458000 0.178631
2.460000 0.181939
2.462000 0.188554
2.464000 0.188554
2.466000 0.175323
2.468000 0.185247
2.470000 0.188554
2.472000 0.178631
2.474000 0.185247
2.476000 0.188554
2.478000 0.181939
2.480000 0.181939
2.482000 0.195170
2.484000 0.178631
2.486000 0.178631
2.488000 0.195170
2.490000 0.181939
2.492000 0.185247
2.494000 0.178631
2.496000 0.188554
2.498000 0.188554
2.500000 0.185247
2.502000 0.188554
2.504000 0.181939
2.506000 0.188554
2.508000 0.188554
2.510000 2.133643
2.512000 2.494212
2.514000 1.630831
2.516000 1.343037
2.518000 1.161099
2.520000 1.061859
2.522000 0.985776
2.524000 0.913001
2.526000 0.876613
2.528000 0.833609
2.530000 0.790606
2.532000 0.764142
2.534000 0.760834
2.536000 0.717830
2.538000 0.704598
2.540000 0.681443
2.542000 0.681443
2.544000 0.658287
2.546000 0.635131
2.548000 0.631823
2.550000 0.621899
2.552000 0.625207
2.554000 0.598743
2.556000 0.592127
2.558000 0.588819
2.560000 0.585511
2.562000 0.562355
2.564000 0.559047
2.566000 0.562355
2.568000 0.552432
2.570000 0.549124
2.572000 0.535892
2.574000 0.542508
2.576000 0.539200
2.578000 0.525968
2.580000 0.516044
2.582000 0.516044
2.584000 0.525968
2.586000 0.506120
2.588000 0.502812
2.590000 0.489580
2.592000 0.506120
2.594000 0.509428
2.596000 0.482964
2.598000 0.492888
2.600000 0.486272
2.602000 0.486272
2.604000 0.482964
2.606000 0.476348
2.608000 0.473040
2.610000 0.482964
2.612000 0.476348
2.614000 0.459808
2.616000 0.473040
2.618000 0.476348
2.620000 0.456500
2.622000 0.459808
2.624000 0.463116
2.626000 0.453192
2.628000 0.456500
2.630000 0.453192
2.632000 0.453192
2.634000 0.456500
2.636000 0.456500
2.638000 0.446576
2.640000 0.443268
2.642000 0.439960
2.644000 0.446576
2.646000 0.439960
2.648000 0.443268
2.650000 0.439960
2.652000 0.439960
2.654000 0.443268
2.656000 0.433345
2.658000 0.426729
2.660000 0.446576
2.662000 0.433345
2.664000 0.423421
2.666000 0.433345
2.668000 0.433345
2.670000 0.426729
2.672000 0.423421
2.674000 0.433345
2.676000 0.439960
2.678000 0.413497
2.680000 0.430037
2.682000 0.420113
2.684000 0.420113
2.686000 0.430037
2.688000 0.416805
2.690000 0.426729
2.692000 0.410189
2.694000 0.423421
2.696000 0.420113
2.698000 0.420113
2.700000 0.410189
2.702000 0.426729
2.704000 0.423421
2.706000 0.406881
2.708000 0.420113
2.710000 0.413497
2.712000 0.413497
2.714000 0.416805
2.716000 0.416805
2.718000 0.410189
2.720000 0.416805
2.722000 0.410189
2.724000 0.426729
2.726000 0.403573
2.728000 0.406881
2.730000 0.416805
2.732000 0.420113
2.734000 0.410189
2.736000 0.406881
2.738000 0.406881
2.740000 0.416805
2.742000 0.413497
2.744000 0.410189
2.746000 0.406881
2.748000 0.406881
2.750000 0.423421
2.752000 0.403573
2.754000 0.416805
2.756000 0.400265
2.758000 0.426729
2.760000 0.400265
2.762000 0.410189
2.764000 0.416805
2.766000 0.416805
2.768000 0.406881
2.770000 0.413497
2.772000 0.406881
2.774000 0.413497
2.776000 0.410189
2.778000 0.413497
2.780000 0.410189
2.782000 0.416805
2.784000 0.416805
2.786000 0.400265
2.788000 0.413497
2.790000 0.420113
2.792000 0.413497
2.794000 0.413497
2.796000 0.416805
2.798000 0.420113
2.800000 0.420113
2.802000 0.406881
2.804000 0.426729
2.806000 0.416805
2.808000 0.420113
2.810000 0.413497
2.812000 0.416805
2.814000 0.426729
2.816000 0.433345
2.818000 0.420113
2.820000 0.413497
2.822000 0.426729
2.824000 0.430037
2.826000 0.436652
2.828000 0.423421
2.830000 0.433345
2.832000 0.423421
2.834000 0.439960
2.836000 0.433345
2.838000 0.436652
2.840000 0.443268
2.842000 0.433345
2.844000 0.449884
2.846000 0.439960
2.848000 0.439960
2.850000 0.456500
2.852000 0.463116
2.854000 0.446576
2.856000 0.459808
2.858000 0.449884
2.860000 0.476348
2.862000 0.469732
2.864000 0.469732
2.866000 0.476348
2.868000 0.486272
2.870000 0.489580
2.872000 0.502812
2.874000 0.499504
2.876000 0.509428
2.878000 0.525968
2.880000 0.525968
2.882000 0.549124
2.884000 0.549124
2.886000 0.585511
2.888000 0.592127
2.890000 0.628515
2.892000 0.694674
2.894000 0.734370
2.896000 0.883229
2.898000 1.703606
2.900000 2.269270
2.902000 1.134635
2.904000 0.919617
2.906000 0.846841
2.908000 0.750910
2.910000 0.731062
2.912000 0.688058
2.914000 0.654979
2.916000 0.645055
2.918000 0.618591
2.920000 0.621899
2.922000 0.582203
2.924000 0.578895
2.926000 0.575587
2.928000 0.565663
2.930000 0.549124
2.932000 0.549124
2.934000 0.532584
2.936000 0.532584
2.938000 0.522660
2.940000 0.522660
2.942000 0.519352
2.944000 0.506120
2.946000 0.502812
2.948000 0.502812
2.950000 0.499504
2.952000 0.482964
2.954000 0.512736
2.956000 0.469732
2.958000 0.486272
2.960000 0.476348
2.962000 0.473040
2.964000 0.482964
2.966000 0.476348
2.968000 0.466424
2.970000 0.459808
2.972000 0.456500
2.974000 0.469732
2.976000 0.466424
2.978000 0.453192
2.980000 0.463116
2.982000 0.449884
2.984000 0.453192
2.986000 0.449884
2.988000 0.439960
2.990000 0.449884
2.992000 0.453192
2.994000 0.443268
2.996000 0.439960
2.998000 0.443268

