0.002000 0.000000
0.004000 0.000000
0.006000 0.000000
0.008000 0.000000
0.010000 0.000000
0.012000 0.000000
0.014000 0.000000
0.016000 0.000000
0.018000 0.000000
0.020000 0.000000
0.022000 0.000000
0.024000 0.000000
0.026000 0.000000
0.028000 0.000000
0.030000 0.000000
0.032000 0.000000
0.034000 0.000000
0.036000 0.000000
0.038000 0.000000
0.040000 0.000000
0.042000 0.000000
0.044000 0.000000
0.046000 0.000000
0.048000 0.000000
0.050000 0.000000
0.052000 0.000000
0.054000 0.000000
0.056000 0.000000
0.058000 0.000000
0.060000 0.000000
0.062000 0.000000
0.064000 0.000000
0.066000 0.000000
0.068000 0.000000
0.070000 0.000000
0.072000 0.000000
0.074000 0.000000
0.076000 0.000000
0.078000 0.000000
0.080000 0.000000
0.082000 0.000000
0.084000 0.000000
0.086000 0.000000
0.088000 0.000000
0.090000 0.000000
0.092000 0.000000
0.094000 0.000000
0.096000 0.000000
0.098000 0.000000
0.100000 0.000000
0.102000 0.000000
0.104000 0.000000
0.106000 0.000000
0.108000 0.000000
0.110000 0.000000
0.112000 0.000000
0.114000 0.000000
0.116000 0.000000
0.118000 0.000000
0.120000 0.000000
0.122000 0.000000
0.124000 0.000000
0.126000 0.000000
0.128000 0.000000
0.130000 0.000000
0.132000 0.000000
0.134000 0.000000
0.136000 0.000000
0.138000 0.000000
0.140000 0.000000
0.142000 0.000000
0.144000 0.000000
0.146000 0.000000
0.148000 0.000000
0.150000 0.000000
0.152000 0.000000
0.154000 0.000000
0.156000 0.000000
0.158000 0.000000
0.160000 0.000000
0.162000 0.000000
0.164000 0.000000
0.166000 0.000000
0.168000 0.000000
0.170000 0.000000
0.172000 0.000000
0.174000 0.000000
0.176000 0.000000
0.178000 0.000000
0.180000 0.000000
0.182000 0.000000
0.184000 0.000000
0.186000 0.000000
0.188000 0.000000
0.190000 0.000000
0.192000 0.000000
0.194000 0.000000
0.196000 0.000000
0.198000 0.000000
0.200000 0.000000
0.202000 0.000000
0.204000 0.000000
0.206000 0.000000
0.208000 0.000000
0.210000 0.000000
0.212000 0.000000
0.214000 0.000000
0.216000 0.000000
0.218000 0.000000
0.220000 0.000000
0.222000 0.000000
0.224000 0.000000
0.226000 0.000000
0.228000 0.000000
0.230000 0.000000
0.232000 0.000000
0.234000 0.000000
0.236000 0.000000
0.238000 0.000000
0.240000 0.000000
0.242000 0.000000
0.244000 0.000000
0.246000 0.000000
0.248000 0.000000
0.250000 0.000000
0.252000 0.000000
0.254000 0.000000
0.256000 0.000000
0.258000 0.000000
0.260000 0.000000
0.262000 0.000000
0.264000 0.000000
0.266000 0.000000
0.268000 0.000000
0.270000 0.000000
0.272000 0.000000
0.274000 0.000000
0.276000 0.000000
0.278000 0.000000
0.280000 0.000000
0.282000 0.000000
0.284000 0.000000
0.286000 0.000000
0.288000 0.000000
0.290000 0.000000
0.292000 0.000000
0.294000 0.000000
0.296000 0.000000
0.298000 0.000000
0.300000 0.000000
0.302000 0.000000
0.304000 0.000000
0.306000 0.000000
0.308000 0.000000
0.310000 0.000000
0.312000 0.000000
0.314000 0.000000
0.316000 0.000000
0.318000 0.000000
0.320000 0.000000
0.322000 0.000000
0.324000 0.000000
0.326000 0.000000
0.328000 0.000000
0.330000 0.000000
0.332000 0.000000
0.334000 0.000000
0.336000 0.000000
0.338000 0.000000
0.340000 0.000000
0.342000 0.000000
0.344000 0.000000
0.346000 0.000000
0.348000 0.000000
0.350000 0.000000
0.352000 0.000000
0.354000 0.000000
0.356000 0.000000
0.358000 0.000000
0.360000 0.000000
0.362000 0.000000
0.364000 0.000000
0.366000 0.000000
0.368000 0.000000
0.370000 0.000000
0.372000 0.000000
0.374000 0.000000
0.376000 0.000000
0.378000 0.000000
0.380000 0.000000
0.382000 0.000000
0.384000 0.000000
0.386000 0.000000
0.388000 0.000000
0.390000 0.000000
0.392000 0.000000
0.394000 0.000000
0.396000 0.000000
0.398000 0.000000
0.400000 0.000000
0.402000 0.000000
0.404000 0.000000
0.406000 0.000000
0.408000 0.000000
0.410000 0.000000
0.412000 0.000000
0.414000 0.000000
0.416000 0.000000
0.418000 0.000000
0.420000 0.000000
0.422000 0.000000
0.424000 0.000000
0.426000 0.000000
0.428000 0.000000
0.430000 0.000000
0.432000 0.000000
0.434000 0.000000
0.436000 0.000000
0.438000 0.000000
0.440000 0.000000
0.442000 0.000000
0.444000 0.000000
0.446000 0.000000
0.448000 0.000000
0.450000 0.000000
0.452000 0.000000
0.454000 0.000000
0.456000 0.000000
0.458000 0.000000
0.460000 0.000000
0.462000 0.000000
0.464000 0.000000
0.466000 0.000000
0.468000 0.000000
0.470000 0.000000
0.472000 0.000000
0.474000 0.000000
0.476000 0.000000
0.478000 0.000000
0.480000 0.000000
0.482000 0.000000
0.484000 0.000000
0.486000 0.000000
0.488000 0.000000
0.490000 0.000000
0.492000 0.000000
0.494000 0.000000
0.496000 0.000000
0.498000 0.000000
0.500000 0.000000
0.502000 0.000000
0.504000 0.487329
0.506000 0.592698
0.508000 0.375375
0.510000 0.289763
0.512000 0.253543
0.514000 0.227201
0.516000 0.200859
0.518000 0.190980
0.520000 0.181102
0.522000 0.164638
0.524000 0.158053
0.526000 0.154760
0.528000 0.141589
0.530000 0.144882
0.532000 0.131711
0.534000 0.135003
0.536000 0.121832
0.538000 0.125125
0.540000 0.118540
0.542000 0.118540
0.544000 0.115247
0.546000 0.115247
0.548000 0.111954
0.550000 0.105368
0.552000 0.105368
0.554000 0.108661
0.556000 0.098783
0.558000 0.102076
0.560000 0.098783
0.562000 0.098783
0.564000 0.092197
0.566000 0.098783
0.568000 0.092197
0.570000 0.092197
0.572000 0.092197
0.574000 0.088905
0.576000 0.092197
0.578000 0.082319
0.580000 0.092197
0.582000 0.085612
0.584000 0.085612
0.586000 0.082319
0.588000 0.088905
0.590000 0.082319
0.592000 0.082319
0.594000 0.082319
0.596000 0.082319
0.598000 0.079026
0.600000 0.072441
0.602000 0.085612
0.604000 0.079026
0.606000 0.079026
0.608000 0.072441
0.610000 0.079026
0.612000 0.072441
0.614000 0.079026
0.616000 0.072441
0.618000 0.079026
0.620000 0.072441
0.622000 0.075734
0.624000 0.075734
0.626000 0.065855
0.628000 0.072441
0.630000 0.079026
0.632000 0.069148
0.634000 0.069148
0.636000 0.072441
0.638000 0.065855
0.640000 0.079026
0.642000 0.069148
0.644000 0.069148
0.646000 0.072441
0.648000 0.065855
0.650000 0.069148
0.652000 0.069148
0.654000 0.065855
0.656000 0.072441
0.658000 0.065855
0.660000 0.069148
0.662000 0.069148
0.664000 0.059270
0.666000 0.065855
0.668000 0.072441
0.670000 0.065855
0.672000 0.059270
0.674000 0.065855
0.676000 0.072441
0.678000 0.059270
0.680000 0.072441
0.682000 0.065855
0.684000 0.059270
0.686000 0.065855
0.688000 0.059270
0.690000 0.065855
0.692000 0.065855
0.694000 0.062563
0.696000 0.069148
0.698000 0.059270
0.700000 0.062563
0.702000 0.062563
0.704000 0.062563
0.706000 0.062563
0.708000 0.059270
0.710000 0.062563
0.712000 0.059270
0.714000 0.059270
0.716000 0.062563
0.718000 0.059270
0.720000 0.062563
0.722000 0.062563
0.724000 0.059270
0.726000 0.062563
0.728000 0.062563
0.730000 0.055977
0.732000 0.055977
0.734000 0.065855
0.736000 0.059270
0.738000 0.059270
0.740000 0.059270
0.742000 0.055977
0.744000 0.062563
0.746000 0.059270
0.748000 0.059270
0.750000 0.052684
0.752000 0.059270
0.754000 0.065855
0.756000 0.059270
0.758000 0.052684
0.760000 0.059270
0.762000 0.059270
0.764000 0.055977
0.766000 0.055977
0.768000 0.059270
0.770000 0.059270
0.772000 0.055977
0.774000 0.059270
0.776000 0.062563
0.778000 0.052684
0.780000 0.059270
0.782000 0.055977
0.784000 0.055977
0.786000 0.059270
0.788000 0.052684
0.790000 0.059270
0.792000 0.059270
0.794000 0.052684
0.796000 0.059270
0.798000 0.052684
0.800000 0.059270
0.802000 0.052684
0.804000 0.052684
0.806000 0.059270
0.808000 0.052684
0.810000 0.059270
0.812000 0.052684
0.814000 0.059270
0.816000 0.052684
0.818000 0.059270
0.820000 0.055977
0.822000 0.055977
0.824000 0.052684
0.826000 0.052684
0.828000 0.059270
0.830000 0.052684
0.832000 0.059270
0.834000 0.052684
0.836000 0.059270
0.838000 0.046099
0.840000 0.055977
0.842000 0.055977
0.844000 0.055977
0.846000 0.055977
0.848000 0.052684
0.850000 0.052684
0.852000 0.052684
0.854000 0.059270
0.856000 0.052684
0.858000 0.052684
0.860000 0.052684
0.862000 0.059270
0.864000 0.052684
0.866000 0.049391
0.868000 0.055977
0.870000 0.052684
0.872000 0.059270
0.874000 0.046099
0.876000 0.059270
0.878000 0.052684
0.880000 0.052684
0.882000 0.052684
0.884000 0.052684
0.886000 0.059270
0.888000 0.046099
0.890000 0.059270
0.892000 0.052684
0.894000 0.046099
0.896000 0.059270
0.898000 0.052684
0.900000 0.049391
0.902000 0.055977
0.904000 0.052684
0.906000 0.052684
0.908000 0.052684
0.910000 0.055977
0.912000 0.049391
0.914000 0.052684
0.916000 0.059270
0.918000 0.046099
0.920000 0.052684
0.922000 0.055977
0.924000 0.049391
0.926000 0.052684
0.928000 0.052684
0.930000 0.052684
0.932000 0.055977
0.934000 0.049391
0.936000 0.052684
0.938000 0.049391
0.940000 0.055977
0.942000 0.052684
0.944000 0.049391
0.946000 0.055977
0.948000 0.046099
0.950000 0.059270
0.952000 0.046099
0.954000 0.052684
0.956000 0.059270
0.958000 0.046099
0.960000 0.052684
0.962000 0.052684
0.964000 0.052684
0.966000 0.046099
0.968000 0.055977
0.970000 0.049391
0.972000 0.889046
0.974000 0.707944
0.976000 0.497207
0.978000 0.411596
0.980000 0.368790
0.982000 0.339155
0.984000 0.296349
0.986000 0.296349
0.988000 0.270007
0.990000 0.263421
0.992000 0.243665
0.994000 0.250250
0.996000 0.230493
0.998000 0.230493
1.000000 0.217322
1.002000 0.214030
1.004000 0.207444
1.006000 0.210737
1.008000 0.197566
1.010000 0.200859
1.012000 0.187688
1.014000 0.194273
1.016000 0.190980
1.018000 0.177809
1.020000 0.194273
1.022000 0.177809
1.024000 0.177809
1.026000 0.174517
1.028000 0.174517
1.030000 0.171224
1.032000 0.167931
1.034000 0.167931
1.036000 0.164638
1.038000 0.164638
1.040000 0.161345
1.042000 0.164638
1.044000 0.154760
1.046000 0.161345
1.048000 0.161345
1.050000 0.154760
1.052000 0.148174
1.054000 0.154760
1.056000 0.154760
1.058000 0.151467
1.060000 0.148174
1.062000 0.154760
1.064000 0.144882
1.066000 0.148174
1.068000 0.148174
1.070000 0.154760
1.072000 0.135003
1.074000 0.138296
1.076000 0.158053
1.078000 0.138296
1.080000 0.135003
1.082000 0.148174
1.084000 0.141589
1.086000 0.141589
1.088000 0.131711
1.090000 0.144882
1.092000 0.138296
1.094000 0.135003
1.096000 0.138296
1.098000 0.135003
1.100000 0.131711
1.102000 0.138296
1.104000 0.135003
1.106000 0.131711
1.108000 0.138296
1.110000 0.128418
1.112000 0.131711
1.114000 0.131711
1.116000 0.131711
1.118000 0.135003
1.120000 0.135003
1.122000 0.125125
1.124000 0.125125
1.126000 0.138296
1.128000 0.125125
1.130000 0.121832
1.132000 0.141589
1.134000 0.125125
1.136000 0.121832
1.138000 0.128418
1.140000 0.125125
1.142000 0.128418
1.144000 0.128418
1.146000 0.131711
1.148000 0.121832
1.150000 0.121832
1.152000 0.125125
1.154000 0.125125
1.156000 0.125125
1.158000 0.125125
1.160000 0.125125
1.162000 0.125125
1.164000 0.118540
1.166000 0.121832
1.168000 0.128418
1.170000 0.118540
1.172000 0.118540
1.174000 0.125125
1.176000 0.121832
1.178000 0.115247
1.180000 0.121832
1.182000 0.128418
1.184000 0.111954
1.186000 0.118540
1.188000 0.128418
1.190000 0.115247
1.192000 0.118540
1.194000 0.118540
1.196000 0.125125
1.198000 0.115247
1.200000 0.115247
1.202000 0.121832
1.204000 0.121832
1.206000 0.108661
1.208000 0.121832
1.210000 0.118540
1.212000 0.118540
1.214000 0.115247
1.216000 0.115247
1.218000 0.115247
1.220000 0.125125
1.222000 0.108661
1.224000 0.111954
1.226000 0.125125
1.228000 0.115247
1.230000 0.108661
1.232000 0.118540
1.234000 0.118540
1.236000 0.111954
1.238000 0.118540
1.240000 0.111954
1.242000 0.115247
1.244000 0.108661
1.246000 0.121832
1.248000 0.108661
1.250000 0.115247
1.252000 0.115247
1.254000 0.111954
1.256000 0.111954
1.258000 0.111954
1.260000 0.118540
1.262000 0.111954
1.264000 0.105368
1.266000 0.118540
1.268000 0.115247
1.270000 0.115247
1.272000 0.111954
1.274000 0.105368
1.276000 0.111954
1.278000 0.118540
1.280000 0.108661
1.282000 0.108661
1.284000 0.111954
1.286000 0.111954
1.288000 0.111954
1.290000 0.111954
1.292000 0.105368
1.294000 0.111954
1.296000 0.118540
1.298000 0.105368
1.300000 0.111954
1.302000 0.111954
1.304000 0.105368
1.306000 0.115247
1.308000 0.118540
1.310000 0.108661
1.312000 0.105368
1.314000 0.111954
1.316000 0.111954
1.318000 0.115247
1.320000 0.108661
1.322000 0.105368
1.324000 0.111954
1.326000 0.108661
1.328000 0.108661
1.330000 0.111954
1.332000 0.105368
1.334000 0.105368
1.336000 0.111954
1.338000 0.111954
1.340000 0.108661
1.342000 0.108661
1.344000 0.102076
1.346000 0.108661
1.348000 0.111954
1.350000 0.108661
1.352000 0.115247
1.354000 0.105368
1.356000 0.105368
1.358000 0.105368
1.360000 0.108661
1.362000 0.115247
1.364000 0.105368
1.366000 0.102076
1.368000 0.108661
1.370000 0.105368
1.372000 0.115247
1.374000 0.108661
1.376000 0.098783
1.378000 0.111954
1.380000 0.105368
1.382000 0.111954
1.384000 0.102076
1.386000 0.108661
1.388000 0.108661
1.390000 0.102076
1.392000 0.105368
1.394000 0.105368
1.396000 0.105368
1.398000 0.108661
1.400000 0.108661
1.402000 0.111954
1.404000 0.102076
1.406000 0.105368
1.408000 0.115247
1.410000 0.102076
1.412000 0.102076
1.414000 0.111954
1.416000 0.111954
1.418000 0.098783
1.420000 0.108661
1.422000 0.108661
1.424000 0.095490
1.426000 0.108661
1.428000 0.108661
1.430000 0.108661
1.432000 0.105368
1.434000 0.108661
1.436000 0.098783
1.438000 0.105368
1.440000 0.102076
1.442000 0.105368
1.444000 0.118540
1.446000 0.095490
1.448000 0.108661
1.450000 0.102076
1.452000 0.108661
1.454000 0.105368
1.456000 0.098783
1.458000 0.105368
1.460000 0.111954
1.462000 0.105368
1.464000 0.098783
1.466000 0.105368
1.468000 0.105368
1.470000 0.108661
1.472000 0.095490
1.474000 0.111954
1.476000 0.098783
1.478000 0.111954
1.480000 0.098783
1.482000 0.111954
1.484000 0.102076
1.486000 0.102076
1.488000 0.105368
1.490000 0.105368
1.492000 0.098783
1.494000 0.105368
1.496000 0.108661
1.498000 0.102076
1.500000 0.105368
1.502000 0.108661
1.504000 0.095490
1.506000 0.111954
1.508000 0.098783
1.510000 0.105368
1.512000 0.098783
1.514000 0.111954
1.516000 0.095490
1.518000 0.115247
1.520000 0.095490
1.522000 0.108661
1.524000 0.102076
1.526000 0.102076
1.528000 0.105368
1.530000 0.105368
1.532000 0.098783
1.534000 0.105368
1.536000 0.098783
1.538000 0.108661
1.540000 0.108661
1.542000 0.098783
1.544000 0.105368
1.546000 0.102076
1.548000 0.102076
1.550000 0.111954
1.552000 0.092197
1.554000 0.111954
1.556000 0.092197
1.558000 0.111954
1.560000 0.095490
1.562000 0.111954
1.564000 0.102076
1.566000 0.105368
1.568000 0.105368
1.570000 0.098783
1.572000 0.105368
1.574000 0.105368
1.576000 0.098783
1.578000 0.105368
1.580000 0.098783
1.582000 0.105368
1.584000 0.102076
1.586000 0.098783
1.588000 0.108661
1.590000 0.098783
1.592000 0.108661
1.594000 0.105368
1.596000 0.102076
1.598000 0.102076
1.600000 0.102076
1.602000 0.102076
1.604000 0.108661
1.606000 0.095490
1.608000 0.105368
1.610000 0.105368
1.612000 0.102076
1.614000 0.105368
1.616000 0.102076
1.618000 0.102076
1.620000 0.105368
1.622000 0.098783
1.624000 0.108661
1.626000 0.105368
1.628000 0.102076
1.630000 0.098783
1.632000 0.108661
1.634000 0.095490
1.636000 0.105368
1.638000 0.105368
1.640000 0.098783
1.642000 0.105368
1.644000 0.102076
1.646000 0.102076
1.648000 0.098783
1.650000 0.108661
1.652000 0.098783
1.654000 0.102076
1.656000 0.105368
1.658000 0.102076
1.660000 0.102076
1.662000 0.098783
1.664000 0.111954
1.666000 0.095490
1.668000 0.105368
1.670000 0.108661
1.672000 0.098783
1.674000 0.102076
1.676000 0.102076
1.678000 0.105368
1.680000 0.102076
1.682000 0.098783
1.684000 0.105368
1.686000 0.102076
1.688000 0.098783
1.690000 0.105368
1.692000 0.105368
1.694000 0.098783
1.696000 0.102076
1.698000 0.102076
1.700000 0.102076
1.702000 0.108661
1.704000 0.095490
1.706000 0.105368
1.708000 0.102076
1.710000 0.098783
1.712000 0.108661
1.714000 0.095490
1.716000 0.105368
1.718000 0.105368
1.720000 0.098783
1.722000 0.105368
1.724000 0.108661
1.726000 0.102076
1.728000 0.105368
1.730000 0.102076
1.732000 0.102076
1.734000 0.102076
1.736000 0.108661
1.738000 0.098783
1.740000 0.102076
1.742000 0.108661
1.744000 0.092197
1.746000 0.108661
1.748000 0.102076
1.750000 0.102076
1.752000 0.105368
1.754000 0.102076
1.756000 0.102076
1.758000 0.095490
1.760000 0.108661
1.762000 0.102076
1.764000 0.098783
1.766000 0.111954
1.768000 0.098783
1.770000 0.098783
1.772000 0.105368
1.774000 0.098783
1.776000 0.105368
1.778000 0.102076
1.780000 0.108661
1.782000 0.098783
1.784000 0.098783
1.786000 0.111954
1.788000 0.095490
1.790000 0.102076
1.792000 0.102076
1.794000 0.102076
1.796000 0.105368
1.798000 0.098783
1.800000 0.111954
1.802000 0.098783
1.804000 0.102076
1.806000 0.102076
1.808000 0.105368
1.810000 0.105368
1.812000 0.098783
1.814000 0.102076
1.816000 0.105368
1.818000 0.098783
1.820000 0.102076
1.822000 0.102076
1.824000 0.108661
1.826000 0.098783
1.828000 0.098783
1.830000 0.108661
1.832000 0.102076
1.834000 0.105368
1.836000 0.098783
1.838000 0.105368
1.840000 0.105368
1.842000 0.098783
1.844000 0.105368
1.846000 0.102076
1.848000 0.108661
1.850000 0.098783
1.852000 0.098783
1.854000 0.105368
1.856000 0.105368
1.858000 0.105368
1.860000 0.098783
1.862000 0.105368
1.864000 0.105368
1.866000 0.105368
1.868000 0.105368
1.870000 0.098783
1.872000 0.105368
1.874000 0.105368
1.876000 0.102076
1.878000 0.102076
1.880000 0.098783
1.882000 0.108661
1.884000 0.102076
1.886000 0.105368
1.888000 0.098783
1.890000 0.102076
1.892000 0.111954
1.894000 0.102076
1.896000 0.105368
1.898000 0.098783
1.900000 0.105368
1.902000 0.102076
1.904000 0.102076
1.906000 0.108661
1.908000 0.441230
1.910000 1.669431
1.912000 0.865997
1.914000 0.694773
1.916000 0.605869
1.918000 0.540013
1.920000 0.500500
1.922000 0.470865
1.924000 0.454401
1.926000 0.424767
1.928000 0.414888
1.930000 0.381961
1.932000 0.388546
1.934000 0.375375
1.936000 0.365497
1.938000 0.349033
1.940000 0.339155
1.942000 0.342447
1.944000 0.332569
1.946000 0.325984
1.948000 0.322691
1.950000 0.309520
1.952000 0.316105
1.954000 0.302934
1.956000 0.296349
1.958000 0.293056
1.960000 0.302934
1.962000 0.293056
1.964000 0.289763
1.966000 0.276592
1.968000 0.289763
1.970000 0.276592
1.972000 0.279885
1.974000 0.270007
1.976000 0.270007
1.978000 0.266714
1.980000 0.263421
1.982000 0.266714
1.984000 0.263421
1.986000 0.256836
1.988000 0.266714
1.990000 0.263421
1.992000 0.250250
1.994000 0.263421
1.996000 0.243665
1.998000 0.256836
2.000000 0.243665
2.002000 0.260128
2.004000 0.240372
2.006000 0.256836
2.008000 0.237079
2.010000 0.246957
2.012000 0.233786
2.014000 0.243665
2.016000 0.246957
2.018000 0.240372
2.020000 0.237079
2.022000 0.237079
2.024000 0.230493
2.026000 0.240372
2.028000 0.230493
2.030000 0.233786
2.032000 0.223908
2.034000 0.237079
2.036000 0.230493
2.038000 0.227201
2.040000 0.233786
2.042000 0.227201
2.044000 0.227201
2.046000 0.223908
2.048000 0.223908
2.050000 0.230493
2.052000 0.227201
2.054000 0.220615
2.056000 0.230493
2.058000 0.217322
2.060000 0.223908
2.062000 0.217322
2.064000 0.223908
2.066000 0.217322
2.068000 0.217322
2.070000 0.220615
2.072000 0.220615
2.074000 0.220615
2.076000 0.210737
2.078000 0.220615
2.080000 0.210737
2.082000 0.220615
2.084000 0.207444
2.086000 0.223908
2.088000 0.214030
2.090000 0.214030
2.092000 0.217322
2.094000 0.214030
2.096000 0.214030
2.098000 0.210737
2.100000 0.217322
2.102000 0.207444
2.104000 0.214030
2.106000 0.204151
2.108000 0.214030
2.110000 0.210737
2.112000 0.200859
2.114000 0.217322
2.116000 0.204151
2.118000 0.210737
2.120000 0.207444
2.122000 0.214030
2.124000 0.204151
2.126000 0.210737
2.128000 0.207444
2.130000 0.214030
2.132000 0.200859
2.134000 0.200859
2.136000 0.210737
2.138000 0.204151
2.140000 0.204151
2.142000 0.204151
2.144000 0.204151
2.146000 0.207444
2.148000 0.197566
2.150000 0.210737
2.152000 0.200859
2.154000 0.210737
2.156000 0.204151
2.158000 0.204151
2.160000 1.876876
2.162000 0.898925
2.164000 0.734286
2.166000 0.655260
2.168000 0.595990
2.170000 0.556477
2.172000 0.543306
2.174000 0.493915
2.176000 0.497207
2.178000 0.470865
2.180000 0.467573
2.182000 0.451109
2.184000 0.437938
2.186000 0.437938
2.188000 0.418181
2.190000 0.414888
2.192000 0.418181
2.194000 0.395132
2.196000 0.411596
2.198000 0.388546
2.200000 0.385253
2.202000 0.391839
2.204000 0.372082
2.206000 0.378668
2.208000 0.378668
2.210000 0.365497
2.212000 0.368790
2.214000 0.352326
2.216000 0.358911
2.218000 0.355619
2.220000 0.349033
2.222000 0.355619
2.224000 0.349033
2.226000 0.352326
2.228000 0.335862
2.230000 0.335862
2.232000 0.345740
2.234000 0.332569
2.236000 0.349033
2.238000 0.332569
2.240000 0.325984
2.242000 0.332569
2.244000 0.335862
2.246000 0.322691
2.248000 0.332569
2.250000 0.329276
2.252000 0.325984
2.254000 0.312813
2.256000 0.312813
2.258000 0.322691
2.260000 0.322691
2.262000 0.316105
2.264000 0.319398
2.266000 0.316105
2.268000 0.319398
2.270000 0.309520
2.272000 0.316105
2.274000 0.306227
2.276000 0.316105
2.278000 0.296349
2.280000 0.309520
2.282000 0.306227
2.284000 0.312813
2.286000 0.306227
2.288000 0.302934
2.290000 0.309520
2.292000 0.306227
2.294000 0.296349
2.296000 0.299642
2.298000 0.309520
2.300000 0.296349
2.302000 0.293056
2.304000 0.299642
2.306000 0.302934
2.308000 0.289763
2.310000 0.302934
2.312000 0.289763
2.314000 0.296349
2.316000 0.302934
2.318000 0.286470
2.320000 0.289763
2.322000 0.296349
2.324000 0.296349
2.326000 0.286470
2.328000 0.283178
2.330000 0.296349
2.332000 0.299642
2.334000 0.286470
2.336000 0.293056
2.338000 0.296349
2.340000 0.289763
2.342000 0.296349
2.344000 0.266714
2.346000 0.293056
2.348000 0.286470
2.350000 0.283178
2.352000 0.289763
2.354000 0.286470
2.356000 0.273299
2.358000 0.296349
2.360000 0.289763
2.362000 0.283178
2.364000 0.283178
2.366000 0.273299
2.368000 0.286470
2.370000 0.283178
2.372000 0.283178
2.374000 0.283178
2.376000 0.279885
2.378000 0.276592
2.380000 0.286470
2.382000 0.289763
2.384000 0.279885
2.386000 0.273299
2.388000 0.283178
2.390000 0.279885
2.392000 0.273299
2.394000 0.276592
2.396000 0.283178
2.398000 0.276592
2.400000 0.279885
2.402000 0.276592
2.404000 0.279885
2.406000 0.276592
2.408000 0.273299
2.410000 0.276592
2.412000 0.276592
2.414000 0.286470
2.416000 0.276592
2.418000 0.276592
2.420000 0.266714
2.422000 0.276592
2.424000 0.276592
2.426000 0.279885
2.428000 0.270007
2.430000 0.279885
2.432000 0.263421
2.434000 0.273299
2.436000 0.276592
2.438000 0.279885
2.440000 0.270007
2.442000 0.273299
2.444000 0.276592
2.446000 0.276592
2.448000 0.270007
2.450000 0.270007
2.452000 0.279885
2.454000 0.266714
2.456000 0.270007
2.458000 0.276592
2.460000 0.276592
2.462000 0.270007
2.464000 0.270007
2.466000 0.273299
2.468000 0.270007
2.470000 0.279885
2.472000 0.253543
2.474000 0.279885
2.476000 0.266714
2.478000 0.270007
2.480000 0.276592
2.482000 0.266714
2.484000 0.273299
2.486000 0.273299
2.488000 0.263421
2.490000 0.276592
2.492000 0.270007
2.494000 0.263421
2.496000 0.276592
2.498000 0.266714
2.500000 0.279885
2.502000 0.266714
2.504000 0.270007
2.506000 0.273299
2.508000 0.266714
2.510000 0.276592
2.512000 0.263421
2.514000 0.266714
2.516000 0.273299
2.518000 0.263421
2.520000 0.276592
2.522000 0.263421
2.524000 0.279885
2.526000 0.266714
2.528000 0.276592
2.530000 0.263421
2.532000 0.266714
2.534000 0.276592
2.536000 0.263421
2.538000 0.273299
2.540000 0.260128
2.542000 0.279885
2.544000 0.270007
2.546000 0.266714
2.548000 0.273299
2.550000 0.263421
2.552000 0.263421
2.554000 0.276592
2.556000 0.276592
2.558000 0.263421
2.560000 0.279885
2.562000 0.270007
2.564000 0.270007
2.566000 0.266714
2.568000 0.263421
2.570000 0.266714
2.572000 0.273299
2.574000 0.270007
2.576000 0.270007
2.578000 0.273299
2.580000 0.266714
2.582000 0.279885
2.584000 0.263421
2.586000 0.266714
2.588000 0.273299
2.590000 0.266714
2.592000 0.279885
2.594000 0.266714
2.596000 0.263421
2.598000 0.273299
2.600000 0.276592
2.602000 0.270007
2.604000 0.266714
2.606000 0.266714
2.608000 0.279885
2.610000 0.273299
2.612000 0.270007
2.614000 0.273299
2.616000 0.273299
2.618000 0.273299
2.620000 0.270007
2.622000 0.266714
2.624000 0.270007
2.626000 0.273299
2.628000 0.273299
2.630000 0.279885
2.632000 0.266714
2.634000 0.276592
2.636000 0.273299
2.638000 0.273299
2.640000 0.273299
2.642000 0.270007
2.644000 0.273299
2.646000 0.263421
2.648000 0.289763
2.650000 0.263421
2.652000 0.276592
2.654000 0.286470
2.656000 0.273299
2.658000 0.266714
2.660000 0.279885
2.662000 0.273299
2.664000 0.279885
2.666000 0.270007
2.668000 0.276592
2.670000 0.273299
2.672000 0.279885
2.674000 0.276592
2.676000 0.273299
2.678000 0.273299
2.680000 0.276592
2.682000 0.289763
2.684000 0.270007
2.686000 0.283178
2.688000 0.270007
2.690000 0.283178
2.692000 0.279885
2.694000 0.273299
2.696000 0.273299
2.698000 0.289763
2.700000 0.283178
2.702000 0.283178
2.704000 0.279885
2.706000 0.273299
2.708000 0.286470
2.710000 0.283178
2.712000 0.276592
2.714000 0.283178
2.716000 0.289763
2.718000 0.270007
2.720000 0.296349
2.722000 0.289763
2.724000 0.283178
2.726000 0.279885
2.728000 0.286470
2.730000 0.283178
2.732000 0.283178
2.734000 0.293056
2.736000 0.283178
2.738000 0.296349
2.740000 0.283178
2.742000 0.293056
2.744000 0.286470
2.746000 0.283178
2.748000 0.283178
2.750000 0.289763
2.752000 0.296349
2.754000 0.296349
2.756000 0.293056
2.758000 0.296349
2.760000 0.289763
2.762000 0.286470
2.764000 0.299642
2.766000 0.286470
2.768000 0.286470
2.770000 0.309520
2.772000 0.289763
2.774000 0.299642
2.776000 0.299642
2.778000 0.296349
2.780000 0.968073
2.782000 1.880168
2.784000 1.155760
2.786000 0.971365
2.788000 0.869290
2.790000 0.793556
2.792000 0.757336
2.794000 0.730994
2.796000 0.698066
2.798000 0.671724
2.800000 0.658553
2.802000 0.638796
2.804000 0.625625
2.806000 0.612454
2.808000 0.595990
2.810000 0.599283
2.812000 0.592698
2.814000 1.774800
2.816000 1.550892
2.818000 1.228201
2.820000 1.093198
2.822000 1.020757
2.824000 0.961487
2.826000 0.928560
2.828000 0.885754
2.830000 0.882461
2.832000 0.852826
2.834000 0.826484
2.836000 0.819898
2.838000 0.806727
2.840000 0.780385
2.842000 0.786971
2.844000 0.767214
2.846000 0.763921
2.848000 0.757336
2.850000 0.763921
2.852000 0.757336
2.854000 0.754043
2.856000 0.740872
2.858000 0.730994
2.860000 0.727701
2.862000 0.737579
2.864000 0.727701
2.866000 0.737579
2.868000 0.734286
2.870000 0.734286
2.872000 0.734286
2.874000 0.737579
2.876000 0.744165
2.878000 0.747457
2.880000 0.763921
2.882000 0.780385
2.884000 0.777092
2.886000 0.796849
2.888000 0.813313
2.890000 0.842948
2.892000 0.879168
2.894000 0.948316
2.896000 1.089905
2.898000 1.909803
2.900000 0.497207
2.902000 0.503793
2.904000 0.474158
2.906000 0.487329
2.908000 0.480744
2.910000 0.487329
2.912000 0.487329
2.914000 0.477451
2.916000 0.474158
2.918000 0.477451
2.920000 0.464280
2.922000 0.487329
2.924000 0.457694
2.926000 0.467573
2.928000 0.467573
2.930000 0.467573
2.932000 0.467573
2.934000 0.467573
2.936000 0.457694
2.938000 0.441230
2.940000 0.454401
2.942000 0.447816
2.944000 0.454401
2.946000 0.464280
2.948000 0.451109
2.950000 0.451109
2.952000 0.444523
2.954000 0.437938
2.956000 0.444523
2.958000 0.444523
2.960000 0.441230
2.962000 0.437938
2.964000 0.441230
2.966000 0.454401
2.968000 0.421474
2.970000 0.428059
2.972000 0.444523
2.974000 0.428059
2.976000 0.437938
2.978000 0.424767
2.980000 0.441230
2.982000 0.421474
2.984000 0.421474
2.986000 0.434645
2.988000 0.428059
2.990000 0.421474
2.992000 0.434645
2.994000 0.431352
2.996000 0.418181
2.998000 0.411596

